49625918
61379310
25765710
60437171
25143701
25637941
25642863
49625063
60447338
61507962
25646877
63822211
25104721
43765106
46416153
26132435
25724771
25610309
25724827
47234601
49020790
25162578
47224576
60875607
00582573
25220284
25214756
25022377
25022806
25018906
25027611
25018655
25028278
25265695
25338790
25331787
25334280
25344561
25378678
25372793
25381750
25388355
25381393
47813245
25381831
25377060
25367323
25830007
45246751
45246726
47114142
25612778
25625845
48546119
25132083
00873730
70836299
61882062
70840652
65018711
25159577
25221272
49193490
25214047
65081803
65082184
65081765
16389999
44223897
25018515
25013513
70901619
00831085
25262092
25918125
42887941
64829804
25324233
25330012
25348221
00402443
46311131
46310924
00838926
00226327
46310983
44118155
00839311
46311149
49157841
65766695
25349520
25830635
49588656
49588095
00849821
25368702
00850381
25366556
25366564
00851451
00852333
60042281
69211612
25853708
70832897
25129767
60460041
00639338
61387894
61387452
70874204
45246211
48135143
61386715
25619357
61385093
63830167
67360572
67361471
25626019
60444509
68407289
60446889
61387312
45242593
48132811
70848947
70849366
61385069
70098506
61385433
68403704
25657330
70843554
70838810
70856303
70845921
25119427
67673627
67673368
67363733
70836272
70838712
70838704
25649558
70838721
61632155
67673015
47013729
47015764
00581569
60076551
60076534
25161008
25162390
60084375
60084294
60084359
60816902
60816830
60816821
60869968
60869950
70841101
70841080
70834792
60650745
70835560
70836001
70848335
70840636
70842531
70840628
70520232
63554453
70838542
45330212
45330221
45333165
45335851
45335842
48380156
68780702
68780699
75048477
46071172
46071199
65082401
25016016
71198920
71198971
49814621
62695258
25265849
25915118
00380521
47885939
00839621
00839639
00840246
00839680
25329529
62156586
44993498
44993463
44993501
00226441
44993528
25328662
25347888
00400963
25325868
62156756
25336258
44993510
62156748
25317725
25330381
44993536
44946805
44946775
49461524
49461583
49459902
44947721
44946783
49461702
70851212
70849510
70851221
70853584
65337913
25336410
70841373
70839964
70837601
70836931
70838437
25323644
63414929
25319639
63414945
63458632
63458641
63414937
00402320
46254323
46254277
46254552
46254331
70285829
70841675
70285756
70841721
70841829
70282439
70280185
70282145
60780541
60780487
00852481
25367242
60780568
64120384
61955574
64120392
63026376
64085147
68899092
62331663
62331680
62331698
62331647
68899106
62331701
64618480
62330276
62330420
62330322
62330292
62330373
49590928
62330349
62330357
25378899
25817701
47654244
47654325
47654279
47654236
00096725
47813512
47813598
47813539
00849910
47813504
61989177
61989193
64628221
61989185
64628116
61989231
61989207
61989223
63731983
60782170
47184477
47184434
47184442
61985228
64095151
00851906
00851914
00851809
25376187
00852058
60780495
25818996
70837872
70837911
60446218
61388866
70837783
41690184
70872767
63109662
70837775
61388726
61387002
25119702
70837899
63834286
70837902
70872589
60449004
70872503
61388106
60461713
00638463
61386774
61385301
44846738
25081012
25107186
61386138
25127098
61385930
00549185
25140108
45768561
61385131
70107050
61388025
60461675
61386871
64947629
60444916
00335533
49626655
49624059
60459085
00639028
00335487
63672197
48109355
64574199
49366629
25097547
14891531
61054682
25140493
25147846
25638530
00335479
25604325
25607375
14891522
48134023
25133241
00639214
45247226
61456217
62415395
61385271
61384992
61385701
60446234
61386855
26155281
00069621
00638846
25058843
61385298
60446242
14891263
25632141
25122690
45248001
61386022
61388246
61384534
49625446
25106121
25059491
00639494
25603698
61388068
61385891
25142101
61387509
61388017
49244884
61389064
61388548
25107500
60460784
26190508
25698117
25116509
25098250
45796955
25109138
48551694
49626931
60445475
61386278
61387835
25719815
48589373
49371185
14891409
62913981
61387061
00300268
49615378
63672359
25108476
25641034
63831562
25641018
49629077
25600397
25657046
00638871
25618440
25614851
60162961
61385395
61385409
25100289
25088246
25612123
61385417
61385387
41190726
48114162
61385361
00639133
63109026
25687344
25142771
61664707
61664651
61664553
61664537
61664715
14451077
61664545
14798425
68422709
47549211
25139029
47558407
47558458
47558415
47558504
00664740
61894419
61894427
61894354
25108492
61894371
61894435
00873306
25106953
00473634
16977360
48665819
48665991
48665967
48665746
25134710
00641065
48665860
66493030
00069515
61924032
61924041
61924008
14801973
49797999
61924059
00509965
00474029
49518917
49518925
00641014
49518933
00069221
00069540
62486012
48683906
48683795
25121367
25139771
25602977
25602951
48683868
00069558
48683884
00069566
00177041
62444042
00069175
62994638
49535013
25634747
61632210
00069574
00663565
62444646
00664359
43755054
61389480
62956191
61388947
61388572
61388939
25672592
14802015
61100331
61100234
61100412
61100226
61100242
61100277
00069647
25095544
14803844
61100404
00659771
47019689
14802201
47019671
47019697
00069434
47019719
60076135
60076101
60075902
60076062
62534408
60076046
00582298
00666122
63908352
49060317
25184181
60075775
60075911
60076089
00582158
60075970
60646764
00583839
60084286
25158392
60816899
60816767
60816945
60816759
25165208
60816929
00510912
00073181
00073172
62540041
62540009
48200930
62540050
14450470
48200948
25157752
60869046
60869020
60869054
60869089
00511382
25158503
60096136
00477419
00072982
60650486
25154044
25165542
00668079
60650443
60061863
60061812
60064765
25158911
25160184
60061855
60061880
00476919
48342912
25630997
48342939
18230083
47723416
47723394
47723386
00077119
25249355
70845425
00520055
49753789
63553597
00077135
25210564
25207768
25211161
70845417
49754050
49753771
00574384
00669725
61750972
61750883
61781444
61781771
00077631
00077615
61781797
49778111
49778137
00574406
49774301
49778099
49778102
49778145
25214144
49778161
00520152
40527867
25209957
25214829
25215531
25214837
00518557
00497061
45356891
49778064
25200879
49180932
00077691
45331227
70838534
00077704
48380296
18242171
49767194
49767208
49790820
70842582
70842566
00077879
48326437
68783728
62237004
00828840
49864637
62237039
48283142
25014986
14451018
25022342
47274719
47274751
47274611
00497029
47274620
18383874
47274654
47274603
61342645
61342751
61342637
47792931
18383696
60252570
60252766
60252758
43256791
00140147
18385036
46748067
25018507
46708812
25025970
46748016
46747982
46747966
46748075
25016181
25026470
46747974
25015362
00082554
00555053
25019660
46773495
25400681
25015311
25040456
00082571
46773673
46773754
25047671
25018795
25022016
46773720
61357235
61357278
47783371
18380824
61357294
25124811
25115138
00832375
49872559
62208870
25015052
25019325
25014188
25024566
25024558
00524905
25015192
25005928
61515451
25018248
61515779
61515477
00497088
00524646
18385877
44555423
00082201
25012045
62244817
25018566
00082627
44556969
44555512
25109189
60126621
60126639
60126647
60126698
60126671
25262297
25918583
25261991
62690035
62690043
62690060
62690221
00527939
62690272
00145238
25262190
00087751
25262131
25262327
62690281
15062848
60103329
60103345
60103337
25272501
15052796
15052591
60116781
60116935
64812201
60117001
60116820
60116871
25270044
48623679
48623687
48623695
00087815
48153281
00189391
62028561
64827364
48161101
48160989
48161209
48161110
48161161
00087858
25262301
48161012
62061178
48161063
48161179
00087840
25265741
15050670
62029754
25262351
60884762
60884703
60884690
60884711
60884746
00854981
00854999
00856070
62032348
62031961
62032011
62033131
62033026
62032381
47469145
15034496
15034569
47450827
62032178
60153393
60153237
60153245
60153296
25262181
67439918
49314670
49314661
49314653
00401081
49314645
49314891
00087939
25266195
25257340
00087408
00087670
49314866
00654949
00529842
49314912
62073133
62073176
25313304
00056324
62073257
62073109
47900547
66596882
62073117
25346407
00497126
00532525
48513512
00558974
62157213
00558982
00558991
00559016
00559032
00566381
63493781
25330365
25339842
00559008
00567582
25332201
25326228
63489970
25341553
26258510
25335791
25549804
64329984
25314122
60552255
25347390
00380385
00559466
00567566
00638013
25312146
00173843
00380431
60555211
25322192
25546210
00226467
62157264
00559415
00566756
25341901
25327747
60729937
49459899
00053198
47917865
66596769
49461249
49459881
00055468
49459171
48455822
60680369
60680377
60680318
60680342
60680351
25315811
25344056
16355474
61716693
46276327
61716707
00559482
00559105
00559504
00566411
25344587
25327755
00545121
26215829
00837237
00128198
00054771
00559148
61742902
00053155
00566438
00053163
25342193
00559130
00559539
00837385
60545984
60545941
00380661
25326384
60545992
25335022
25348931
00836591
48461636
60545976
25571338
70843309
63458730
70844534
65269616
00838144
00226611
47935774
47935952
63459086
47934832
47935936
47918594
47922206
00566896
47922117
47922061
44053916
25348418
00544612
25500783
44159960
63482746
44065663
60418427
60418435
25325531
60418460
00055069
60418451
00559644
60371684
60371749
00055107
00838811
25322834
60371731
60371757
14450437
60371790
25323822
25500091
25318390
00559270
00559261
13692933
49438867
00530506
49438875
00055301
49438816
00055166
47900211
43379486
48895393
48895377
48897094
48895504
48895512
48895407
48895598
48895466
47900539
63731371
00601349
00601357
25372076
00601292
00846279
00601322
00601331
00100307
13643479
00846881
00577243
00601403
00601390
13644301
00601411
00601381
25371169
61944084
25376357
25380401
25378767
25383442
65142799
62331205
62331639
62331558
62331795
62331493
13644289
62331540
62331566
62331574
60775645
25380087
60337320
46580336
25353446
25831101
25378066
66932581
62331515
62331582
25383205
00601641
00601659
00601667
00601624
25833685
00601675
16628144
00848077
00577910
25372351
64087859
00601799
00848956
00601781
00601764
00601756
00845337
00848794
00601748
25365061
61942839
00577448
00601730
00848875
13643606
00601721
00601772
00602035
14451085
25377655
25375512
00848778
00844012
66935733
25370006
25373587
47813091
47813083
47813075
25373005
47813130
47813113
47813121
48396214
47813148
25359649
18054455
61989011
00842745
00602094
00602159
00842737
00842753
00842761
00602060
00602078
25378660
00845388
25371835
00602132
25364723
00602051
00842702
00845329
25379569
00602086
00602116
00602141
00845213
25380559
25370294
00602027
00602124
25364103
61986038
70259909
61985996
70259925
63701171
61985759
70259941
00842893
00842966
63701219
25375300
14616831
25382098
70259861
00843105
49589687
49589792
60045035
49589679
00409014
00852384
00843113
00577324
00843351
00843369
00843474
00843491
25364359
25367692
00843547
00843393
00843407
13643878
00843504
00845060
00495433
25378872
00176401
00577391
60045141
26123193
25690345
25700782
25610180
00639184
61507687
25625705
25607863
26332914
25338072
25330985
25375555
25379925
00638714
00638722
00638765
00640808
00066729
00068713
25767020
00066711
00640824
00066702
00582239
25157795
60821221
00666718
00512281
00667391
00669733
00669709
64830225
00669695
00673781
00673773
00673731
00673358
00581119
00581101
00498891
00498793
00581071
00498815
13582968
00498874
62159101
00638005
00637998
27681866
00226319
00637939
00599212
00638081
00637696
00561151
00844985
00845027
00600938
00601152
00600920
00600903
00851213
64937925
25102265
70837881
45769621
25605593
49628135
25074997
61884235
70835136
25157426
25159518
60869038
60869861
00072818
60650770
60650494
60064790
60064781
49864688
47274689
47796006
60252600
60252511
46747991
46773762
46773509
49872427
25023306
00226432
25554166
25571303
25344412
25364294
25378023
64627233
00848859
25355414
25375172
25373609
64936643
64939367
00638749
25052241
25623028
00637980
47611162
60436107
61387339
48134546
70837953
61389447
61388149
48133035
25106970
60436735
25602578
70845883
71197630
60446161
48135411
60446633
25108093
00638625
70845964
70107084
71197613
60461683
48134058
67774172
60461969
68407157
68379919
25754408
63830795
61387479
45770301
70828083
70848572
70835632
70922306
70835578
61385450
65401646
70843538
70846685
70843562
70843503
70841446
70843376
70846375
47511753
70107076
61894630
25712853
67775454
48706302
00507601
70829489
70836248
70836264
70836256
70831378
70836205
70836230
71197541
70837376
70836213
70836221
70835730
70838143
70837279
70837091
62994271
70837384
70837414
70845034
70845026
00410233
68378955
63833832
70848661
61904180
47019727
60076518
60075961
60075856
60075945
60077689
25167201
60084324
00583782
60816848
70946965
70946981
70844194
70842612
60869097
70834814
70520208
70842621
70806209
60061821
70842779
70846553
70838992
70839000
66362725
70839042
61781517
49777726
49777718
49778200
49778153
49774859
71197583
70839352
48380261
70842515
70842523
70842922
63778181
25013564
62231570
65082133
63155931
65082478
65081811
60254301
60254238
60254190
46748059
46749799
25023519
46746862
46773282
70839824
70841543
62247859
61357286
47324295
62209485
63125382
70839913
61515761
70839841
61515582
25023187
25048791
44555091
70836329
70838593
70837228
70837554
25262165
25263633
62693514
70837538
62690361
62690400
60103370
70843465
00087998
70836469
48623733
48623725
48623091
70836418
25299140
25916092
60158981
70152497
70152501
70839999
62033034
70838267
70838283
70840261
70841179
70841144
71197621
70842116
60153041
60154021
49290274
60153351
70846944
49314840
70851867
70844755
61235105
62076060
62075985
62077465
62073249
62075993
62076051
62073079
44993633
44991665
62157396
62157655
64327809
62160095
64327981
48515027
62157299
65353650
00567213
44993668
62157787
70840661
70842663
70842680
60680300
70839034
70838763
61716405
61716464
61716391
61716413
61716472
61716448
61716634
69651914
70284831
70840385
00567043
70284849
47934581
70859957
70842884
47935928
47935910
47921374
25342924
47443936
60418494
70283320
60371668
60371676
60371714
60370432
70843082
67011748
70832803
70832811
70831432
70831386
48897574
60802561
60802669
25380541
63024616
60337389
60337346
13644297
00601594
62330268
70640700
70640718
62330390
70640696
64125912
66741335
61989771
61989789
61989762
00601691
00844071
66181500
25378376
00601683
25385461
25386573
25385488
47813563
47813199
47813474
47813229
00601837
47813571
47813172
00601985
00601977
71197575
64628183
61989258
61989274
64628141
64628124
25373790
25376420
13644319
00842800
25378759
49558978
62350366
61985988
61985953
70626561
49589725
49589768
25827707
25828274
62353179
70238944
48739235
00843598
70238910
00843318
68911921
68911947
00843032
68911513
43001106
00334227
45245924
70873160
27443108
65993381
65992351
49625357
45241848
61386308
45241651
45241295
45241643
48134333
45242941
45241694
63832208
45242950
45242879
49625055
67365779
00638706
61389293
63110261
00067580
61894711
00873195
46416277
48665771
48664928
49543261
70838429
00066257
49518941
49521641
49518879
48682161
00873373
62444069
61632376
62444191
61384810
61904406
61100544
25630539
47019735
47013591
60077638
60077611
60076127
60077646
60076178
60084413
00665711
42409152
60816911
70841586
70844330
70845280
70844348
60869941
60869071
25166352
25164210
63284383
60650834
47254891
60061847
48342947
48342998
48342971
00377945
47723424
70845433
63553660
00076988
61751065
69459096
69459100
61781371
49778170
49774191
49778129
49180924
69977836
48380253
47694921
49767267
00377813
70842540
70842558
49864360
49864351
62237047
00412040
00412066
00412074
47274379
00412058
65082231
61345733
61345725
61345717
75125439
75121557
75122294
60252774
46748083
70866937
46748105
00081701
46773690
62769651
00554596
70226601
49123734
49123947
62209256
47326484
46071245
46071253
61515884
61515876
61515442
44555440
44555245
44555237
62690493
00528315
62690001
62690540
60103264
48623741
48161071
48159638
48160865
60884681
60884754
70835144
00855006
63609177
63609291
60153385
60153423
62048660
60153261
60153628
60153270
70857717
49314904
43420656
00390348
62077457
00839809
00401803
44993447
44993412
00402419
62158465
00567396
00567370
64327965
62158384
00567256
65348702
27680720
00566772
44946902
44946881
60575514
63434610
60575905
60575573
61716651
61716723
49939386
49939416
64480020
49939424
49939432
64480046
48461881
60545933
63458691
63458896
47935740
47922320
60418508
60418516
25557475
60418371
60371803
60371773
60371811
49439723
70285306
49438921
49438905
70285314
69650560
48897558
48895440
00852732
60043661
68334222
00847925
62331264
48004774
48004898
62331507
48806030
47658061
47998296
00601586
25390562
00096792
47654392
00849235
00601811
61989738
47813466
47811927
47811919
00602001
61989339
61989321
00601969
65468961
62348043
47184469
62350277
70259917
63701294
63701332
70259895
00853020
00843016
60990597
62334808
49589741
64988287
60045086
68407441
25682806
70835462
48135054
49678515
25604180
70842132
70843830
68407459
25607341
70827711
61383872
60461926
45241945
25146564
70836311
25633180
25651676
00641111
25778391
61904449
00072583
00076899
49753843
49777700
49777564
00519740
70948801
25023322
25023331
70948798
25022318
70848211
25025015
25027051
61515809
49335499
62731882
48160806
42883920
70948810
70847142
60555980
25346466
70843155
70848858
61716456
49939378
48489573
70285837
70843180
70841683
70832510
60802774
60045922
62331752
62330403
62330381
60338911
47813369
00098752
00849936
45234370
70109711
70101205
70108811
63832909
63832925
67365957
67365949
60436093
60436115
60436123
60436140
60436166
63833131
63832968
63833140
63833123
60461101
70891028
70890943
70890919
70890897
70890935
70891061
47609842
47610859
47611928
48132926
48134201
49624911
60460318
47609737
47610361
47610425
63831252
70108552
63831295
63831317
63831309
65993110
65993161
65992971
65993152
65993179
70108544
63831287
63831261
63831406
63831368
63831392
63831325
63831333
63831350
63831449
63831341
63831431
63831376
48135542
47611588
47611669
61385026
60447869
61384631
47611570
61384453
61384615
63833352
61385212
60437961
61384241
63832267
60437944
63833387
61384411
63109735
60437928
63109701
63109719
63832291
47611383
63108259
61384402
61384119
63832305
47611600
70991502
61384771
70992193
61384658
63832275
61384526
61384470
47611596
63833361
63109727
61384666
61385204
64936350
64936368
63832313
61386448
61385191
63108232
65993373
63833344
49624628
63832259
47611413
49367463
45242810
61384216
47611642
48132900
49367609
60437073
60437910
60435917
60436221
61384704
61386201
61388343
60435348
60435909
61384828
61388424
60437936
60435674
61388408
61388459
47611863
47611456
61384755
61384518
60435640
60435500
60447354
61386685
61388432
60437189
61388254
60437197
48132306
62931377
61384224
61388483
61388530
61387363
61386782
61381551
61381560
70107815
75030845
61386162
70107637
70882541
75030837
75030861
70107785
70107769
70107742
70107751
70108013
71008292
70107777
70107793
70107726
70107572
68404379
70098093
61386014
61386171
70107564
65991257
65991249
65991001
65990994
63829908
63829916
75030811
75030829
75030853
75030870
70872392
65991184
70108170
70107581
62934368
67799612
68407904
70874263
69781869
61385611
69781745
44851987
47611219
62934309
61385531
65990722
69781877
70107416
70108391
70108145
69781885
69781931
61386961
67365213
69781907
70107521
69781761
70107661
65993527
70101078
61385620
67365744
70845905
67363237
70974152
70974144
70974161
70974179
70992223
70992231
70921580
70885397
70920613
70885419
70945276
70886857
70942676
70942897
63834359
70920681
70920753
70920605
70885401
70921539
70886466
70920494
70920761
70886423
65994027
70106576
48133876
60434651
48133809
48133833
68407122
48133795
49624521
48133850
48133892
67798543
48133906
48133761
48133787
48133779
48133817
48133914
49624539
63834341
48133884
49624415
70886253
70886733
70886261
70997373
65993896
60435216
61389820
61389838
62930958
62930991
62931016
70997365
70986819
68402112
70919585
70919674
60433361
70919623
70919721
70919747
70919631
70919666
70919691
70986801
70919739
60433370
70919658
70919640
70919615
68402104
70919704
60433345
60433281
60433302
60433337
60461811
60433230
60461845
60433248
70970190
60433329
70930716
60461837
60461853
63113961
60433272
60433299
60433256
00064289
49367820
49371665
75031604
70883394
70919526
70920362
70920168
70920397
70920401
70920427
70919593
70920257
70920818
70918317
70884498
70920796
70945381
70922144
70987726
70920290
70947562
63832372
70920389
70920371
70884471
70884480
49625128
70885168
61386618
60445939
60460865
63830817
49625195
63830809
61384780
63832151
45246025
70902461
63833956
63832836
70918805
70908133
61381276
61381861
61387568
61387525
61382213
61386898
61381233
47608579
63830825
65992911
60446005
70966681
70924295
70924309
70924155
48132489
70924244
70924279
70924341
70924180
70924228
70924147
70924261
70924317
47611740
70924350
70924210
70924287
45248273
47610140
70924325
70924198
67774351
70926271
63831571
63831538
63831520
47610182
48132365
67774342
70828237
62930591
70100012
70886202
70925526
47611898
47611073
47611057
47611171
48132012
65993276
65993250
65993497
65993225
65993284
47611014
47611871
47611880
71008314
63831589
63831678
63831686
47611332
62930729
62933671
62933540
70926280
70926921
70885451
70888825
70944784
71004581
75033003
71001085
70998523
70995222
75033445
75031485
70996857
70990662
71002138
70996920
70998558
70996938
71004696
70996954
70996946
75033020
75031671
75033011
70998507
70993441
75034492
70990751
75034794
71001174
70992118
71004491
75033402
75033071
75033062
70996890
70879176
70998515
47084464
75002922
75033453
71006648
70993661
70996865
70990654
70991634
70892598
70988145
70998540
71004670
70130426
47082917
48927830
70993432
43750699
63822172
71006559
49528351
63822156
75033046
61664634
49828886
49828851
49828894
63822199
61660094
00498653
71007954
47559454
70979901
70988153
75032759
75030357
75034239
75033097
70987947
75032830
70989770
70974993
71006494
75033992
71001093
47514230
47514256
47558181
47559268
75030691
75034395
70980349
70997454
75033887
75030501
75033372
71004513
70989788
70990832
75030047
71001549
71000500
70975019
70975001
75034590
71002715
75030420
75033089
70993467
70991430
70988978
75033241
70998477
47514213
47515597
47515601
47515767
47515775
47515911
47558156
47558229
47559217
47558661
47514205
70994960
70989575
70990689
75030799
75033801
70939071
75033755
75033747
75033771
61894222
75032767
71000631
70993491
75034743
75031612
75034999
75034701
75031159
75034697
75034867
75030951
75002825
70994951
70989516
75034361
70991677
75034247
70989729
75031183
75033194
70988161
75033623
70993459
61894249
61894281
75034689
71002227
70994978
70939578
75033780
75031086
75034719
70989494
61894605
70989508
48705969
48707104
61894567
75034581
75030781
70991961
75033615
75034379
70988056
70997462
75034875
70989583
70989567
70990905
75033186
75034751
61894648
70867429
43776761
43776744
43776752
61894508
61894494
48703591
61894273
70990701
75032848
70995044
75032775
75031621
48705721
70991651
75033119
75031175
70989711
71002235
48704148
61894397
75033810
70860815
70567981
75032741
75031761
75034484
48705578
71001751
70939063
61894516
48706027
48663611
75034671
48663654
48665142
48665266
48665274
75034344
71009728
75031124
75033208
48665231
71001140
70925267
70993688
75033224
70926735
70997489
75030896
70998981
48663921
70990638
70998451
70997608
71009671
71000313
75031752
70989796
71009108
75034328
71172513
70997497
75033321
70988307
49862359
48663646
48665151
75034140
70998485
70988994
48664421
49862456
49535021
75030527
70989524
75034336
75034174
70991049
46390367
48663620
48663786
48663794
48663808
46390413
61883328
70923493
70941467
70875987
70989656
48665916
70998973
46390529
71160663
70997471
70925259
46383719
46383433
71009710
70990646
70993211
61883182
46383506
46383514
71009094
75033216
75031116
48663638
75030721
71002774
46390375
75034417
75034832
75033356
75034883
75031167
71006567
70990620
75034000
75033879
70877513
70993556
75032813
75030705
75032881
75032937
75032929
70997624
70993742
71002103
75034638
75034930
70988277
70980357
70989591
75030675
75030748
75033569
75032902
70877564
70877572
49541030
75034824
75034433
75034964
70989052
71002758
70996083
71000585
70989745
75032911
75032791
48670804
48677141
70989753
70974357
70870012
75032945
75034913
71002731
75034603
70566399
75032732
75009081
70989036
75002761
75033496
75033488
71005846
70996601
70992321
75001497
75031591
71002821
70990981
71007911
70999309
71009701
71000267
75033500
70999473
71004653
75002744
75033518
75033470
47009098
47011301
47011319
47011327
47011335
47011343
47011351
49516256
71003771
70996598
71004505
70992517
75034280
70992312
71000445
71006630
71002839
70999317
71008039
71000623
71009981
65601939
70997314
75002884
71010823
75031582
75033861
70986797
71001620
71009892
75034506
71009922
71008152
71009949
49519026
70989044
67799400
70888094
70886865
70990972
70999511
71004441
71003517
71003959
71000241
67673902
67673635
67674551
47011297
71010319
70107122
49518968
75033534
71009884
70989001
70998493
48683833
75034115
70994986
75034301
75033151
70993718
70990808
75003376
71010815
75033828
71010858
75034093
75034123
75034107
75031426
71004394
75033232
75034352
75034310
70993700
75034620
75002264
71000062
75031361
71005927
71010807
71010408
62451421
70994994
70936838
70997501
70997519
75034255
70933057
70988102
75030268
75034981
71009914
71007245
71008446
71010840
75034051
75034042
62451511
75034069
75034077
75034034
75034018
75034085
70989010
75032899
71002693
62451332
75031418
75030322
71005901
62451456
71008365
70993653
71001107
70994919
75034468
70993670
75030772
70990786
75031256
75034212
75030934
70991308
70991332
49539949
70994803
75031566
75030900
75030624
70987670
75031574
75034735
71002065
70991235
71007385
75033101
70991324
71001212
71001956
75032783
70986355
61631477
45831688
71008357
61632279
71001182
71005765
61631485
61631493
61631981
70991278
70991201
61632350
75031329
75034191
75033283
61631973
75031311
75030594
75031469
62994425
61632171
49539965
70926298
49862570
75031647
70990760
75034158
70986363
75030942
70926255
61631914
75030632
70989486
70989630
70994811
61632244
67673457
75034476
49539957
75031248
75034204
43754112
43754104
43753604
43754139
70996776
75033836
70821062
70992479
70986568
75030438
71004661
75033399
70999431
70988170
71008306
75031531
71007334
70992126
71004645
70989702
75034450
75031191
71009809
70994412
70996971
71007415
70986428
75033542
70997551
70941271
75007541
70988137
70986398
71004726
70995991
70992495
86594508
75031558
70992401
86594583
62930885
75031272
75033330
75034549
43750869
00876275
70991685
75031825
75031655
75031205
71008128
70990883
71004530
75030365
70991073
75031515
71004408
43752047
75031817
75031663
71004734
75033593
70941718
71001506
71004637
70996768
75033852
70992398
70986444
75031281
63834448
63834243
75031540
70996059
75034182
43755089
00874817
00875911
43755097
43755208
43751270
67774792
67779000
70977691
70821054
43751181
43754791
70996016
75008190
71003932
71005811
71002685
75031345
75034573
75034956
70998582
71005803
71000097
49855239
71001247
71002863
70995117
75034816
71000577
71003941
70988111
75008173
75034298
75033429
75031728
75033411
71010190
71008004
47003391
75031795
71001603
71000551
71008241
71001590
61385051
70987254
70995061
47003057
70998574
62935747
75031353
62931504
71008233
86594265
70989559
71008420
70107017
61387703
71002120
70988064
71002707
75031523
45845085
75034948
49855425
70854963
47005254
69983658
70844747
49855328
70995109
75034808
70988129
75031710
70996610
71007903
61385158
49855255
49855221
47005319
75031141
71006656
47005203
75008165
75030756
75034271
75031736
70964190
70995001
49855263
70539944
75031337
71006591
75030519
75034778
75034786
70995010
70909521
61100293
61100307
75030187
70993726
70992436
70998876
70989681
75034522
70989478
71000542
70921423
70921610
75033917
75033925
75033933
61100374
75033950
70887888
70887900
70887896
75033968
75033976
75033984
71008373
70999058
71008411
75034841
75033291
70565902
48954543
75033259
42727537
47067519
71006575
75033275
71000461
75033143
68998503
66325111
75034425
70998868
75033631
42727511
75033585
42730686
47067641
47074361
47074370
42730422
61904147
47074299
48954004
75033178
75033607
75034611
70989672
75030004
70884005
70884013
42731992
75030101
71007202
75034760
75030012
75030543
75034531
70990841
75030471
61903116
71006672
75034514
75030276
48954381
61904201
61904163
68997841
61904287
64762939
61904155
47074132
71008390
47067837
61903001
71005706
70999104
70999112
70988251
75034727
71004521
70988226
75034972
71000518
75034565
75034557
71012206
47020342
47014008
47020334
47019581
47013982
75034387
70990603
71002022
70992410
00875457
67673759
47014491
71000526
71000534
75034409
71006613
47014318
70988200
71006583
70946060
47018747
63804395
47016922
47017635
47013958
47014369
47013656
47016981
47013991
47013222
47017961
70988196
47013532
71006524
71007229
47016973
70877599
75000890
62537644
70997403
70986240
70981361
75000881
60077069
60077077
60077204
70877629
75000873
70877688
70877602
62537750
75001152
62537709
62537717
70984247
75000407
75001080
70998957
71000151
75000644
62537385
62537628
62537725
70877637
62537768
70945390
62537741
70877611
62537334
75000105
75001349
70983755
00581551
00581585
00581623
00581658
62537831
70877661
70877645
62537342
62537521
62537547
00581542
00581577
00581631
00666131
60076909
60077034
60077093
60077212
60077417
75000725
62537873
62537784
62537661
70506337
70504059
70946388
62537881
70922616
70946728
70946736
70946710
70946671
70946663
70946680
70946698
70983330
60630108
00583596
00583634
00583642
00583651
00583669
00583677
00583685
00583693
00583731
00583740
00583791
60084316
60084391
60084731
71002421
70659273
75000628
75001438
00583707
00583723
00583588
00583766
70659206
62540475
63263777
71005200
70986614
71002197
70981965
70659222
71006761
75001004
70984522
70659109
70989214
70985103
71001336
70986657
71006214
70986550
71002189
71005188
75001284
60818263
70988331
75000041
75000059
70986631
70878706
70876908
70659214
70970441
70873771
70984514
70659095
60818174
60816872
75000067
71002171
70986606
70998990
70998469
75000342
75000687
75000571
70992681
71004858
70985014
75000075
75001381
75000300
70984336
70988854
70986339
70983399
75000903
49029631
75000962
70945241
70876096
71001263
70983801
70659044
75000717
62540106
75000296
70504539
75001225
75000156
70659231
75000334
71001271
75000474
70876126
70876118
70876100
75000814
70659249
70989192
75001047
70992614
70504547
62540114
49056972
70992657
75000679
70986541
70997667
71006095
70986622
71000330
71000356
71000372
71000399
70988544
75001161
71005544
70986835
70986827
71000569
70991171
48221350
60869780
70993998
48255556
70943842
70943125
70943150
70943141
70943168
70890889
70986851
70986584
71005994
70992827
70989966
75001373
70984301
71010271
70991111
70989117
70996385
60665211
70993394
75001667
71006028
00583278
47258721
70932158
00583391
47259132
47259477
60098741
68543972
70932174
00583367
00583383
47258365
70993378
68544120
70873682
71004050
70503991
70506019
60098767
75000113
70968462
75000636
70874191
75000806
75000857
70982767
70659257
70988463
60650419
63289971
70992801
70984999
70964581
70994285
75000792
47255838
47255862
47255897
70876240
75000831
70872490
70872481
70940185
63289938
70932549
70938326
70934355
00582735
00582743
00582778
70991839
75001446
70938296
71002456
75000164
70934363
75000288
70982775
70887489
00582590
00582620
00582671
70890838
70893292
00582727
00582786
70890773
00582859
47268034
60062011
71010726
70991766
70938300
75001250
70991723
75000601
69561656
70941912
70923094
70938318
70877807
70877785
00582841
70979511
75000784
00582751
70996733
75006073
75006243
69976058
60611472
70995648
70990476
75006669
60610824
75005417
70987599
70989133
70986142
70887331
60611006
60611847
60611413
75005956
75006588
70994242
70996741
60611324
48342165
48342301
70990468
70940622
60611421
75005743
60611481
70996709
60610999
70986754
70996717
69983305
60611197
75005298
75006081
48343013
60610816
75005409
70942285
70996725
68784082
65571860
69980217
75005735
70987432
70976457
47722801
70987149
70997578
70997560
70997594
70987840
75006570
70995788
70997179
70997195
71008331
71008799
47723483
70976431
70987327
70987301
70987271
70987319
47722797
60611391
60611456
70997586
60610115
75004852
71010696
70998221
70987181
70987165
70987475
70987459
70987441
70987211
70976473
70976481
70976490
47721006
75010895
60611405
60610981
60611464
47723505
70997543
75006561
70997187
70995796
75006235
75005239
71001930
47722193
47720964
47721472
47723629
47721499
68781580
47724978
70987238
69979430
47722363
47721880
69972745
49753461
49753495
49753509
49753533
49755579
70991511
75006031
75005646
71004769
70939446
71005307
60611367
75005549
63555522
70939837
00872296
70895201
47701412
47701617
70883556
49753347
49753363
49753371
49753754
60610751
60610565
75006219
60611821
75006049
70981043
70933782
70933774
70933758
70933766
70989290
60611057
70939454
70995826
70990492
70991545
71004777
69983160
49751751
69979359
60610832
60611049
75006529
60610395
49752626
49753606
66361974
66362245
60611448
70993246
70991529
47700009
71010688
75005565
70990581
70998621
75006740
70992355
60610361
60610379
70998213
60610727
75005280
60610662
61785300
60610719
69982813
70825912
70874409
49207440
75005557
75005271
70873607
49212222
49207075
43317880
70992347
60610336
70939471
61750000
60610352
70940746
70941041
70941025
70940908
70940703
70941068
70940975
70941513
70941505
70940827
70941289
70940681
70940738
70940720
70940932
70940983
70940924
70940673
70940851
70941084
70940991
70940916
70940941
70941157
70941033
70940860
70940631
70941319
70940690
70941581
70940878
70941238
70940959
70941521
70940894
70940967
70941017
70940801
49777548
49777581
68784571
70879761
70879443
68784597
68784643
69972141
49777505
70879214
70878951
49777521
49777530
70880093
70879320
69972150
69971901
68784562
70837813
68784589
70880026
68784619
66362563
66362504
66362521
70879834
49777688
49777696
70923442
75005778
60611782
70947716
70988781
70993637
70995851
70989141
75006731
60611219
70971561
75005841
70921385
75005531
75006677
70946833
75006197
60611286
75006014
70922799
75007169
75006324
60611812
60611898
70833851
49181939
71004556
60611910
75006006
60611278
70987505
75005000
70832838
69982198
75006707
70970777
75006774
49181891
70924546
70831815
70923311
70889414
60611308
60611227
49180878
70828121
70834903
49181963
70827184
70830835
70840415
69979375
69979936
49181955
70994421
70995931
60610778
60611774
60611022
75009013
75005972
60611189
75006286
60611251
75006308
75006766
60611103
49746090
60610786
75005859
60611332
75005948
60610883
49745921
60611171
49745948
60611855
60610794
70986916
60611014
75006294
69974012
49745247
60611201
75006316
49746227
60610581
49745280
70971102
70965951
70968896
70962537
70969850
70968888
60610654
70997250
60610301
60610468
47694815
70994587
60610077
70981469
70981451
70981442
70996032
70997268
49766961
70984239
60611677
75005794
75005786
75006448
71012621
75005492
69983569
70984824
70984808
63531054
70995982
75006928
60611693
75007185
60611685
60611651
70834598
75007100
75006456
70984832
70984816
75006898
75005506
70981663
60611669
60610697
60610204
70980918
70947902
66359180
69978751
70995974
60610557
60611952
69979081
75006901
75006502
75005476
75005484
60610239
60610221
69983534
69979847
70984841
69978883
70984221
75006936
70980896
70945128
60610689
60610441
69979073
60610247
69983551
75005760
75005450
70976341
70984867
70997284
69978972
75006472
70976368
75005468
70984859
75005441
75006481
70976350
69978573
60611642
70992797
75005611
60610328
70992762
75006880
75006961
75006863
75005891
75006855
75006871
70937621
70998744
60611618
60610549
69983313
75006847
60611766
48327191
70992789
60610310
75007126
75005824
60611634
60611944
70992754
70937605
70937613
75006821
75006812
75006839
70998736
70993190
70995877
75005751
48326640
70695342
71013083
72742411
72744049
70695113
72742160
71013105
72741562
70982678
71011129
71010513
70695831
00831298
70982121
70982104
70982155
70698554
70695369
70982163
70982201
46750321
48283011
70695504
70698520
72743964
68430132
70695903
46750495
70982660
71010467
72745088
70942692
48282979
70695962
46750428
46750088
71011111
72742089
48283070
70981515
70698503
70695024
49864599
49864611
48283029
48283061
70698511
49864653
48282545
46750461
48283088
70982198
46750045
70695440
72742607
72742631
70698546
70975205
70695334
48282561
70982112
62237021
70975191
70982228
46750401
70200815
49864661
49864548
70878013
72741805
75001829
72743328
72745401
72744839
72744758
71010548
72741848
70695270
72743093
49888544
72745355
71011293
70878064
49888552
72744278
70983836
72744251
72741856
72742259
72742178
72742330
72741937
75001918
65082729
72742011
72742097
72743018
75012995
72742593
47274638
47274743
72744685
72744367
71009485
70695296
72742445
72745258
72742241
72744596
70698147
70698198
70694958
70947112
72744774
72743492
72744529
72743816
72743891
72743972
72744448
72744499
70982911
72742526
71011315
72744359
72744375
49888579
70698171
71012524
72744430
65650999
70698180
47274735
72744537
72742313
70698155
70698490
72743735
72743573
70695288
72744057
70949565
47274247
64707130
69411590
72744138
70698139
70698121
72745029
72741490
75003210
70694966
70698449
70698414
70698457
70698465
72744847
72742046
71010777
70695971
70698422
70698431
72744341
71011072
70698368
70695032
70695431
46790055
47795620
46789731
46789685
46789707
46789723
46789758
46789766
00831476
00830275
00830283
46789987
46789979
46789952
46789995
46787593
46789626
47795638
47795603
46787704
46787755
46787267
00830763
46789677
00830232
46787488
46787496
72745169
61345636
47795824
46789936
46787534
46789871
46789791
46790039
61345644
47795841
70982601
72743433
72741651
70695954
72742470
70695130
70695377
72743441
16389573
70695059
70695016
70982643
72744405
72743638
43257151
72743557
70695041
72742518
70695121
70698325
72743352
72744162
43257721
43257399
72742950
72743034
72742658
72741571
72742551
70695385
43257089
70694974
72743271
70694982
72742879
72743115
16389581
72742682
70695849
70694991
72744324
70983208
70983135
70983143
72741881
70695091
72741511
72742101
72743221
72742585
72741627
72743140
72742348
72741945
72743301
72742500
46747532
46746234
72741708
72742429
72741783
72742976
72742020
72743051
46746480
72741864
72743069
72742828
72741911
70981183
70695920
72742186
72741465
72741546
70695253
72742666
72742810
72742895
72741538
72742909
72742747
66113334
70695261
72743603
71012303
70695911
72744243
70983119
70983011
70983003
72741643
72741724
72744600
70695083
72742836
46746145
68975147
65642350
70884978
72743212
72743379
72741716
46744908
68974639
46746757
72741554
72742399
70695997
72743689
70982066
72744189
72753846
72744961
72743522
72741601
64040364
64040402
70983810
70695245
72741830
72745045
70695938
63154617
72743131
65642376
46744924
65635612
72741996
64040445
65642368
65100280
46745751
70983127
72743417
72742038
70983224
46744819
69411123
46772103
72753684
46772111
72744111
70983321
46772090
72745398
72742721
71005668
71011137
71012389
72742283
71011781
72745436
70982627
46773533
46773550
46773541
46773525
72744308
72741449
72744863
72745231
72754656
72743506
72741694
70983275
72742488
71009540
46773568
75003635
72745291
72744782
46771786
46773428
46773312
46773436
46773401
46773363
46773461
46771816
46768491
71012117
46770038
46773380
72744197
72754885
72742844
72745321
72753765
72745134
71012435
72742321
72744791
71010068
75003546
72743581
72744103
72743905
70920729
72745126
70695351
46773703
70695482
72742640
72742496
75019639
46768807
72744910
46773606
46773592
46773614
46773291
46773355
72745096
46773304
62769707
46773410
46773576
46773452
46768327
62769693
46768432
46773584
46768793
46771948
46771956
72742801
47791101
47791128
49123793
60275880
61357090
61357162
61357456
72741813
72741457
72743239
72745371
72743409
72744740
72744987
72741619
72741520
72745282
47791080
47791098
47791110
49123785
72741775
60275898
61357103
70982503
72745061
60275863
72754401
49123718
61357502
62247832
70695474
72741961
70698406
46764747
47790920
49123645
49123866
49123874
49123882
49123891
60275839
61357324
61357332
61357383
61357430
61357472
70879010
49123858
61357120
61357413
61357421
70698376
70879036
70695512
70980071
61357448
61357537
72741732
72742852
72743361
70694940
72744006
46764968
47786825
49123769
64018679
46764593
60275871
61357405
70698252
70982210
49872192
49872206
49872214
72743611
70947694
70882762
49872184
47326204
70983381
47326531
00830984
47326417
47324180
47326328
47326409
72743158
70982236
47325615
62209051
47324287
70838976
00832537
47326239
49872265
70880298
47324082
70921768
00832502
47324261
47324147
00832430
70200467
70698350
65639774
61514870
63788241
63788179
72745363
72743042
72743280
60232790
70695806
70695814
70695792
72744766
61514811
61514802
70983887
72742402
70971323
70698082
72741929
72742003
60232765
70983852
63788187
65639766
65639693
46070915
63788233
65639839
72745193
72742968
70695784
72745240
72744332
72744294
72741678
63788110
63788225
65639782
46070729
46070656
65650891
65650905
70879907
70879923
63788136
72745118
46070877
46070753
63788152
65639600
46071156
72743123
70880077
62787209
72742933
72744413
72745380
60232731
60232749
70943788
65607759
70695067
60232722
46069771
46070664
70981086
65650808
65650794
65639618
65639626
70879915
49087011
65639669
63788047
61515892
47767057
49086731
70226300
44555253
70225915
70201013
72743247
70226024
70201005
70225982
70225974
70201021
72744570
72743875
72744651
70225931
70225991
72744812
72744898
72744731
70225940
72745053
72744979
70225966
70225958
70225907
70200998
70226016
70225893
70225923
70983348
72742291
72743336
72742208
72742917
72743841
72743956
44555261
72743531
70695105
44225997
44226241
44226250
72743450
70695881
44553331
44553382
44555202
44553226
70944105
70942927
72742127
44555491
44553234
44555211
44226233
44226268
44553145
44553153
44553315
70839379
44555474
72743395
44555482
44553196
44555229
72743760
44553412
72743921
70698287
44557485
70156701
70986720
70991863
75017601
70984921
75017211
75011930
71004068
71004084
71004092
70990026
70985600
70989257
75017661
71001832
71003398
70985669
70891656
70985146
70987882
70990964
70911011
70911029
70910987
70946299
70946281
71004025
71008951
70944938
75017059
70985561
70986002
70981329
70910995
71001735
71000496
70997845
70910961
75017296
75017067
70988846
75017041
70982392
70985944
75015072
75017466
70985961
70909709
75017687
71003991
70993017
70892857
70156719
70999848
71011439
70981540
71000658
70983372
70189013
71004246
70988889
71006401
70993505
71007601
70993858
71013008
70995605
75016575
70990859
75019019
71006036
71000682
71000666
71000640
75007851
75015935
62694987
62695177
62695398
49333852
62060422
62060449
62690957
62690965
62690973
70886105
71006087
71000895
70984981
75015706
70986509
70986096
70986789
70886083
69172366
70886091
62694774
69172480
69172382
62693123
62692755
70886075
62694863
70886113
69172552
70992061
61222356
61222364
62694812
62695312
61222275
62695380
62694723
75017580
70995419
75015307
75015544
75017695
70946361
75016567
71002804
71002898
60104970
71002961
70156735
70992444
70992509
70992592
75016389
71006249
71003444
70985715
71003304
71003258
70987068
75015463
70985685
75015382
70946345
70971269
75015943
75017610
70998761
70925038
70888124
70985677
70920834
70992428
75016109
70988871
70999929
75015455
70987041
70884064
70913510
70913528
70913501
71002782
70888116
75015811
70985693
70992487
75016346
75016028
75016460
70989176
70888108
75016401
75015790
70987343
70992606
70913536
70156786
70888141
70156689
68210582
64782042
69170207
70879095
43500111
70154091
75016265
75016303
70188904
75015331
75019329
75015391
71011544
70983160
75016435
70981850
70999872
75016516
71001361
75015218
70990913
70983151
70984972
71002740
75019728
70993181
75017814
71004297
70981833
70188921
70188891
75019167
75019248
75019086
70886784
49305620
70892547
70879150
60114011
70886849
75016869
70993203
70985766
71005510
70188475
71004271
70990921
70999121
75017075
70188912
70886822
70992240
70947384
71001379
70890072
70985634
70971137
71002791
70995389
75015251
67440690
67440118
67440207
60114100
70152331
70971145
75016834
75016915
71001387
70997977
75015897
75016052
71003231
70987076
70985847
71003894
70987173
48623792
75016796
75015633
00857891
70985812
70987262
75015731
70995397
70926336
70926662
75015978
00857611
70154279
00857688
48623008
00857742
70154309
70932085
00857858
70154287
75016311
00857581
62728814
67439241
66289467
66289351
66289581
66289483
00857751
00857785
00857921
00857645
71010106
70926719
48159735
48159743
48160199
48160385
48160911
60156228
60156660
60156961
60157151
60157160
60157241
60157259
60157275
60157321
60157372
60157411
60157488
60157801
60158115
60158581
60158883
60158964
60159014
60159090
60159197
70997209
71003142
70944091
64243095
75018543
70944831
75017989
75017903
75018306
75018225
71001557
70997225
75018063
71008101
71005455
75019256
75009919
70189030
71006796
75007720
75018462
70987084
75017822
75018144
71007547
75018624
70944849
70941921
70941939
75018381
70944075
75018705
70991197
48160903
60157313
70988820
70986436
70998591
00191051
00191086
42937515
42938554
46496921
48160164
48160610
48160831
48160881
48161055
48161144
48161241
48161276
48161292
60156678
60156953
60157046
60157283
60157941
60158387
60158701
60158841
60158999
60159022
60159049
60159081
60159111
60159146
60159154
61222216
75019337
70987106
70189081
70150729
70988838
71007253
60156589
48159778
60158859
60159065
48161047
48161136
60157747
48161306
60158247
48159760
48159786
48160971
60159138
46494812
48161233
48159751
48159794
48161021
75015676
70156506
75016206
75015421
70888353
75016222
70999392
70979669
75015587
75016443
70157324
70188874
75015668
70979723
75015498
60884835
75017571
75018616
75018691
70157332
75015013
70979685
60884541
70156611
75016281
75017261
64224635
70983615
70695491
72745207
70156573
72742453
72743255
70698040
70998108
75016320
00854727
72743549
72743948
70698309
72743565
72744022
75016249
72742615
71006753
72742992
70698031
70939322
72743620
72743719
72743786
72743794
70939331
72743701
70695318
72742135
70983623
75016931
70979812
71006923
70695555
70698112
71003819
72742054
70985740
70986088
72742739
70698317
70695822
70910600
70156565
70695521
70698066
70939403
00854808
00854751
72743077
00854760
72743646
00854841
70188416
70695300
70946752
00856118
00856126
00854824
72743174
00854778
70695393
00854697
00854719
70155771
00854794
00855049
00854735
00856096
72742534
70946086
72742372
70188408
71173854
71166289
70839921
00854816
00854859
70151504
00855022
70880611
71003045
70995176
75019175
75016419
75015609
75016427
75016818
71003215
75015846
70989915
70944601
70189005
70995125
70989982
75007983
75007991
75008025
70985791
70990018
70993076
70993041
70992967
70942137
71008641
75016010
75016494
71003126
70997926
70156620
70157359
70985782
75017326
75018373
70999414
70188998
75016095
71005561
75008009
75008017
71009469
70990042
70947627
70993033
75016257
70880603
70992983
70188980
75015765
70989893
75017342
70989991
70997861
71006125
75016176
70990000
71009388
70188084
75016737
70996814
62031813
70154520
70942510
75017407
43509541
62032259
60121602
63609053
63608944
49328255
49328263
49328271
49328298
75017172
70995150
75015200
75016508
47487267
47487275
47487283
70995168
75018055
70157341
49328280
47487259
47489791
67439900
67440479
67439896
70838275
70993025
75007959
70997896
75015137
70828458
75007975
75017202
71005161
70987998
71011196
75015528
71003924
75017652
71005951
70988030
71005919
71005935
71005978
43462448
64201180
64201147
64201139
47463996
64201112
47466928
49290266
49290576
49290649
60152885
60154691
60154721
60154730
71009761
75016168
75015188
70998906
64202313
75017032
64201171
70883548
70947163
64201121
75017881
68247630
67440665
67439560
67440843
65715519
67440703
68247117
70886598
70885737
75015358
75019965
70996849
75016290
70986665
70984905
75017636
75016923
70993513
70988714
70982431
70982465
75017300
75016907
75016681
75017717
75017474
75018284
75017806
75017458
70985626
71006303
71011897
75016974
70993602
75017369
71008969
71008691
70982325
70982341
75017733
75019884
75017555
70984948
75017008
70982449
70982457
75017385
75017237
75017377
70990204
75017393
70998680
70991707
70982317
75019809
75017318
70998698
75016761
70998701
70982295
70998710
70882380
70882452
00854379
70887403
70888248
00856452
00856673
00856801
00856843
00856878
70883335
49314629
49316834
49317032
75018608
75016621
70998671
70188831
70983020
75016982
75015277
61234125
71006290
75015099
75017725
71011901
70981281
61234176
70984913
71004467
75018365
75018446
75018527
61234001
70995460
70996806
75016214
61235059
75017890
70990221
70972150
70991715
75017164
70985367
70983054
00856487
75018683
61235032
70155887
70154503
70990212
00856771
61239887
62073303
70993823
70992363
71006362
71006435
62072943
70990239
62072765
62072889
75024209
75024225
75023962
70993751
75023041
70993319
70985081
75024144
70992673
70993793
75021757
75023750
70883181
75023563
75022231
62073010
75004917
62073401
71011188
70984450
71006427
71006419
71006443
75024217
62072871
70988625
62073354
75021480
62072897
62072692
75023458
62073214
70299706
70873861
75023741
71001727
70985073
68685718
75022443
70886270
71001981
62073419
71009787
70982520
75023407
62073001
62073435
75021269
70996229
65765907
62077520
49464205
49464213
49463276
62072757
62073478
62073095
62073061
62073290
62073427
71004165
62073184
62072951
47884941
62073281
62073346
62073036
62075942
70988617
62073591
75024161
70994471
75021897
49464191
75023059
75020858
70990255
75023423
75021528
75001608
64328244
75001616
64328481
64328449
64328228
64328511
64328368
64327515
64328473
64328210
64328341
64326187
64327396
64328465
64328325
64328457
49466011
49466755
49467085
60555122
60555220
60555432
60555947
60556234
62156811
62156942
70284067
71007822
70887977
70869219
70993980
70283907
69651612
70435715
71012265
70994064
70435961
70994081
70435995
70888027
70435952
70994145
70436452
71004947
70867950
75024390
70435782
70994005
75024403
64328422
64328431
49466828
49466836
60555955
60556251
62156802
70435359
75024438
70436223
70872881
70994617
75024446
75024420
70888001
70889562
70285748
70887951
70874794
70994196
70994200
75003902
75007843
49465571
49466801
75031957
70888019
70435944
70874271
70994579
75001586
64331822
60556161
70888531
70869201
70284199
70994625
75024411
70994161
49466674
49466933
60555106
60555131
60555319
60555602
70992100
70994129
65767357
75001578
64327507
64328295
49466747
49467395
70281874
70285730
49466780
70279578
64327787
44993978
48512575
48512648
49466623
62156624
44994044
48510921
48511927
48512681
48512699
48512702
48513091
48513121
48513245
49465872
49466135
49466241
49466607
49466631
49467247
60556102
62156420
62157060
62157108
62157116
70262969
64328678
44994036
48512524
62156527
62156969
48512672
60556188
49465481
62156632
44994052
48512401
48512630
60555823
62156837
62157965
44994290
48511111
48511226
48512184
48512664
48512711
49465538
49466208
49466321
60555882
62156781
62157094
70994218
70829705
70435839
62156543
70867917
48510661
49466615
62156888
48513997
49465091
70944776
49466887
49466895
49466968
49466976
49466984
60555912
60556005
62156659
62157558
62157566
62157639
60555866
60555840
70988293
71005943
75001888
75021889
75021455
75009412
71001859
71005862
75023229
70987467
70997047
75023334
75023954
75024233
75023351
71003622
49457560
70996334
49458744
70875502
75021579
70990778
70999554
70990531
70994072
70993734
71001891
75023237
75002981
75007606
71011587
75023971
70935467
71001492
70994871
75022371
75024501
70999333
71011030
75023695
75004518
75024187
70994633
71007636
71001531
75020742
70981388
70935335
75023946
70499985
70982694
70981345
49458787
49457888
71011528
75023920
49459708
70283940
70990794
70994099
70998825
75022630
75024241
70875481
70983585
70997152
75024284
70499870
70995141
75003759
75022621
75023482
75023211
70981892
70852022
75021871
71003762
71003380
70996512
70918767
75001527
70299641
65265530
75023016
70991219
71003177
75023628
75003805
49458795
71004033
70880859
71001581
49459759
75024063
75023181
70990891
71005587
65264843
75023245
71010980
49461311
49458884
71001689
70979049
71001883
75003082
70919453
70988285
70997012
75023326
49458876
49458949
49459619
49459724
71000135
70876843
70499977
75023296
70982970
49461541
71007628
49459767
70999384
71010009
70873232
71008322
71000453
65265734
49459473
71007946
70875472
71005251
70999503
70942528
71001514
49137131
49137115
70988668
71004301
75022613
75020505
70880140
71009833
71011412
75020572
70979634
65341821
75022389
70876991
70996091
75022664
75023288
70979448
71010149
70499934
70281262
70941777
75022419
49137182
70983933
75020351
75024331
75024462
75011701
70979171
75020017
70975574
49137158
49137051
49963406
49137042
49963023
70934487
70882291
63433842
48455687
71003266
69749779
70915351
70436479
70982554
70940126
70979626
75022656
75020548
70979375
70867984
70965994
60680539
70880646
75022001
60680709
63434474
63434504
63434458
63434466
71007580
75020866
70901554
70282790
70880174
49137077
71009868
48452688
65267281
60680270
70262179
70872015
70948305
70838046
70285471
65268687
49963074
70826129
70942595
70281254
70933219
60680008
70878421
70499969
68729928
70934479
75024004
70914320
49963520
70877076
65804228
63402939
70279055
75022648
60680610
70287392
75022711
71006974
71007369
71007016
71006958
71007661
71007504
71007792
71007024
71007521
71006966
71007598
71007351
75020611
70997951
70984051
70987688
70983895
75021561
70991847
75020416
70886229
75022826
70981230
70984034
75021790
71005595
75021960
71007695
71007393
70979995
70871531
71007555
71007008
71007270
71007342
71007261
75020203
71007652
75023075
71007407
71007741
71005269
75021145
70987661
75022681
70988692
70299803
71005641
75020190
70995451
71002332
70980039
75023008
70989826
75023156
71008161
70880271
75023997
75021307
70998167
71007997
71008179
71008110
46307745
70996962
49156608
75020211
75020637
75020181
75020483
75020238
70981248
71008144
70941572
71008098
71005463
75024268
70873186
75021331
70917043
49156683
49156616
71008080
70299862
70871035
49156080
71008012
70988684
71003746
70882134
75022702
70942846
75022044
75020432
00402371
75021609
70870993
70984875
75022834
71005056
75020939
75020068
70990301
71004106
71008021
75020220
70871540
70849161
70995478
71008047
75022737
00839329
75023679
75023521
70991693
70995516
71002600
75022524
71002570
71002596
71002588
70981710
70989737
70945446
70993831
70940525
71010254
75020734
70987131
70995702
70991669
70967491
70992134
75022516
69651191
75023466
65766628
69651213
69651205
75023610
70947147
70872341
70993611
48847721
70869936
70998086
70924538
00227901
48846856
68688512
48847682
48847747
49418815
49418823
49418831
49418971
49939840
75023091
71005471
71003754
71003495
75020009
75022435
71009825
71002154
71007423
75021200
70989699
71010327
70995273
70299668
70990484
70993297
70943133
70995711
70943044
70284857
70995753
75024381
71000283
75023377
75023369
75020441
70284351
75021161
75023172
75024292
70915121
61392871
70945730
70938482
70995346
70943001
70992169
62812947
75024080
70982309
71008942
70984042
75023768
62812670
46936688
48846813
62812718
49418858
63455005
70990549
75002485
63438933
70993165
70995036
71008721
75020564
71000348
71003665
75022974
71011552
71002812
71002375
71001417
71010521
75021773
75021048
70988757
70986711
70993963
70995524
75021463
71002651
75022133
75024128
75022401
75023512
75023024
70987556
70869855
70852171
70987891
71001433
75022354
70878846
70881413
65269870
70988366
70878854
75022117
70987351
47366257
47366419
00400866
47366354
47366303
48461539
48460362
65766679
60575115
65766547
70882223
71000402
68687397
70995541
70995699
75021862
70998892
75022699
70995532
70993840
75024179
70995672
70997055
75021218
75022745
71001239
75024071
70987866
75021587
75021749
75020971
75022184
70988391
75023717
75022877
75022770
75023598
71000437
70989877
75020785
75001675
70991294
70999660
70999678
70999830
71000020
71000089
75023130
70993696
70993335
75021951
70842302
70984018
70995621
70995591
70995681
75021692
70995567
75022486
75022958
70992207
70983429
70985065
75023792
75022249
71008586
70982406
75020980
70993262
70988421
70876487
75022494
70983437
75023989
70992258
70992916
70991251
70833672
70833648
63458799
70879389
70841471
70880263
70943923
47935391
70842761
70879940
70877017
67007813
47934409
70876649
70923329
75022729
70874930
70980489
70983453
70839425
75020793
70983461
75023580
70997870
47933810
75023661
70876789
70991341
75022940
70982945
75021676
75021501
75021633
75022141
75020386
70981264
70981213
75021684
75021803
70993807
75021234
70982821
47922435
75022281
75023199
71009655
75021081
75023342
75021111
70988480
75022478
75023113
75021277
70981574
75023385
70984026
70988676
75022753
70939292
47922427
75021102
75021731
75020963
71008616
70983992
70287431
70981612
70993386
75021498
75022010
75023733
47922338
70983968
62859056
70880883
75021099
70981558
70981256
75024322
70941611
47922486
47922770
47922303
47922516
47922494
62860666
75021226
70872279
47921242
62859005
75021595
75020378
62858939
47922346
70881707
00380601
65765478
47922354
47922583
62859129
47922290
62860500
75022761
47922214
00402338
00380652
00840211
00840173
47918314
75021811
70987769
70283311
70983658
75022818
70942994
70887675
70978841
75023644
70987815
71000411
70987785
60417986
70982996
70995184
70940266
70940231
70994692
70940142
70994676
71012141
75002876
70981051
71011579
71001069
70940258
70994684
70994706
70940223
71010645
71009001
71012397
47438312
47438371
47438487
47443456
47443774
71005242
70982376
71000771
70885907
70875081
70993271
70990344
71005072
71004343
75020696
75022427
75021251
70885745
75024551
75021510
75007223
70880468
75023776
70996997
70885231
70283192
75022869
75024454
70983909
70887926
70885249
70879893
70279993
70279535
69749981
70284440
70281793
70265992
69748128
70283044
60418567
67008399
60418575
60418591
60418613
65766997
70265984
70264732
70283001
75023032
70283915
60418583
70881600
70988803
67008381
60419164
70987751
71005684
44065809
44065868
47443669
48526096
70285781
70263965
70283338
44065795
70871761
44065701
70993360
75020912
75007428
75022222
75021013
75020726
75021366
70993874
70990387
71008730
70993947
75020751
75023164
75023636
71000429
75022991
70299889
75022176
75022923
70997080
70994021
75022206
71002031
75021901
75008815
75008823
75020629
70982708
75022532
70991898
75020602
75022575
70983844
75023571
75022109
70989923
75022541
70991979
70991910
70991944
70938156
70938164
70991880
70991928
75022559
00395404
00836397
46956581
46956735
46956786
46956981
46956999
48505498
48506109
70984701
75023601
75021536
75020769
75020033
75021021
75022982
70993891
70980993
75021919
75023911
70993343
70299749
70999724
75021374
70937303
70993912
75022311
75020599
75020050
75022168
70932298
70932301
70993327
75020904
75021137
75023547
75020491
71008748
70938491
70930881
75022966
70943311
70996903
71002057
70436070
75022567
75021641
70435651
70436177
70989931
70932336
70932328
70938172
75022672
70932310
75023652
70436169
75022583
70989958
70993289
75007908
70996156
70993173
70987637
71003550
71011650
71004173
70987912
70984760
75023431
70994552
70986886
70991596
70983666
71005048
70986843
75024489
70987645
70986860
70986959
70986932
70986894
71012354
71006001
75023440
75024110
71004548
75022591
70989664
64446948
70986967
71002391
71003711
70986924
75023148
71004980
70997322
70986983
70991618
46271007
75021617
75024195
70993581
70987971
70993301
70987602
70994188
70983640
70997306
70987963
75022605
70984069
75007762
75023318
75022052
75024365
75021323
71001298
70988269
70990514
70989842
71005013
70988749
49408496
46270914
46271171
46271104
46271091
46270876
46270922
46270868
46270906
46270931
46270949
46271040
67006761
68730799
47411619
46271180
66610362
70981621
75024250
70984620
70984891
47409908
46271139
46271015
46271074
46270981
70982619
42660556
70986991
70285217
70284083
75009382
75022150
75023539
75001519
75024497
70995095
75021854
75012324
71003592
70994773
70988323
70997039
71000909
70987921
70990247
71011277
71013059
70983526
71008713
70989974
70983500
71001662
70983518
70983496
70993777
70997276
70996270
70982287
75021978
70998191
70993408
75024047
71010017
71010041
70992461
70983542
70983534
70991481
70285136
71008756
71005234
75021625
71012966
71001441
71010581
75021293
71001778
71000917
75022079
70992045
71011285
70992274
70998159
70997233
70990336
70989648
70994790
71012222
70999708
75021315
75022320
71005030
75024101
75023105
70998205
75023415
75024039
70993866
70989605
49438026
75002434
49438000
49439324
75022451
70994765
70993106
70992380
70992959
71011269
71013032
70921211
45669716
45671303
45671311
70995087
70997969
71010670
71011595
75022214
70940843
75021781
70996296
70980837
71001476
70991472
75008882
75021935
75020556
71011790
70992053
70990298
75023849
71009931
71002626
75021439
75023822
70993114
75022885
71001565
75022095
71011889
75032694
71011684
70990611
71001611
70995575
70999643
70998850
70998841
75022257
70990271
71011820
70995559
75021447
75021943
71007288
75023814
70984735
43378676
70885966
43378641
70940487
48894231
43379516
48897400
70877165
43380247
43378684
70882568
43380662
48895288
43380107
70284725
60574674
70881138
70877068
48895300
70830754
75021412
70998779
48894214
70436533
60575255
70282234
48897426
48895229
43380123
70282226
75021404
70981779
75022508
70990263
70993815
75020408
75023881
70993084
70983879
75020025
70869006
75023865
70998787
75021544
75022265
70993131
71005021
75021927
75024055
70981604
75022851
75023873
71009850
70993122
75022087
71011757
75023806
70981736
75021421
70990310
75023831
75023857
70998795
70992070
75020955
75022893
70881308
70877441
75029316
73184772
60780550
63731398
62352776
70640122
60780517
75029502
60802677
75029189
45234647
60802537
45234621
70997900
75029197
63024586
75029294
70947538
73184721
45234612
70947520
62352768
63024578
62352733
70991057
75029766
60802596
45234639
73184586
70988595
70988579
70640220
70997934
70985391
73184616
70640301
75026597
75026520
00852805
66145309
45234604
70979383
75029499
75026252
73184276
70645469
70645540
60802651
60802499
00852546
00852562
75026236
00852589
60802693
00852490
75026554
00852635
75027232
70645558
00852538
00852627
75026961
70984581
70982546
73184934
70640319
00852783
70645515
60802707
65471385
60802766
60802740
60802723
75026431
75027526
75029103
63699028
60046082
60046074
60046091
70989443
70985316
70992932
70983984
75026279
73184365
75027461
70640246
70640254
70645965
60043733
60046066
70640050
70640262
60043792
48772569
75027291
75027283
70942641
70942650
75028948
68334273
70640017
75026465
75026724
70938857
68157860
68157797
49562291
68157801
68157894
60046121
75029782
70991499
73184535
75026708
70989800
70640173
70946906
70971692
68334265
70640289
73184357
70914966
70992941
70982961
61963682
70942129
75029901
68334257
70984000
70978816
60801701
75026864
75026261
75026937
73185001
60045990
75029278
61963607
70645973
70989451
70942633
70983950
75026538
75026457
61955647
75027089
00847097
61955612
00847135
61955531
00847119
70640009
70973911
61955639
47861665
60803550
75026392
70985570
75029715
61963691
64120341
60045965
73184217
70981400
75026406
73184209
70640181
75026716
75029910
70640271
64120473
00847071
60802154
00846791
60046104
61988596
48806196
61988588
70958220
70958246
61988715
70958203
70958262
75026368
48806188
61988685
70958297
61988561
61988707
70958254
70958289
61988634
61988570
65890698
65890701
65890710
66182531
75026694
47655607
48004201
48004219
48004286
48004472
48004511
48004529
48004537
48004545
48004561
48004693
48805271
48805289
48805424
48805475
48805491
48805513
75026953
71000984
75027569
75029154
75027577
75026350
64628531
61988731
75029120
61988677
75029138
75029146
60784512
73184501
62331221
62331248
62331230
70958122
70958165
70958149
61988600
75029324
61988723
70958114
75029332
62331418
62331388
62331361
64628680
75026678
75026643
62331426
70646066
62331353
75026635
70958131
70992711
75027178
70984123
70999406
00848671
62330128
62330101
70983364
64125891
70980764
47998121
75027216
75027691
75027194
73184322
75026783
70988650
70994781
75027062
75027267
75029944
75027500
73184195
70986479
75027704
75027666
70987513
45214859
00848328
62330136
47657651
70984387
64125866
70982830
47657707
75027712
75029286
70981396
00848310
60336269
60799081
60336293
00848336